COMISIÓN NACIONAL DEL AGUA
COORDINACIÓN GENERAL DEL SERVICIO METEOROLÓGICO NACIONAL
BASE DE DATOS CLIMATOLÓGICA NACIONAL 

REGISTRO DIARIO HISTÓRICO
EMISIÓN   : 01/05/2026 

DATOS DISPONIBLES EN LA BASE DE DATOS A: MAY DE 2026; 
CON LA INFORMACIÓN SUMINISTRADA POR LAS UNIDADES ADMINISTRATIVAS 

 ESTACIÓN  : 13118 
 NOMBRE    : HUAUTLA (SMN) 
 ESTADO    : HIDALGO 
 MUNICIPIO : HUAUTLA 
 SITUACIÓN : SUSPENDIDA 
 CVE-OMM   :   
 LATITUD   : 21.03333333 ° 
 LONGITUD  : -98.28333333 ° 
 ALTITUD   : 307 msnm 




FECHA		PRECIP	EVAP	TMAX	TMIN
		(mm)	(mm)	(°C )	(°C)
1978-01-07	0	2.6	20	15
1978-01-08	0	1.6	17	10
1978-01-09	13	1.6	15	9
1978-01-10	0	3.5	12	11
1978-01-11	0	2.8	12	6
1978-01-12	3	4.5	15	8
1978-01-13	0	1.4	14	10
1978-01-14	0	1.4	17	6
1978-01-15	0	0.6	16	11
1978-01-16	0	2.6	15	11
1978-01-17	0	0.5	16	11
1978-01-18	3	0.5	19	13
1978-01-19	8	0.4	18	10
1978-01-20	9	8.8	12	7
1978-01-21	1.5	1.8	15	6
1978-01-22	0	0.1	14	6
1978-01-23	0	0.4	20	6
1978-01-24	0	3.3	25	10
1978-01-25	0	1.8	16	14
1978-01-26	0	1.1	16	10
1978-01-27	0	0.9	19	13
1978-01-28	12.5	1.8	20	14
1978-01-29	2	NULO	15	13
1978-01-30	1	0.7	20	13
1978-01-31	0	0.7	NULO	NULO
1978-02-01	2.5	1.4	16	12
1978-02-02	5.5	4.1	15.1	12
1978-02-03	4	0.5	12	9
1978-02-04	4.5	0.4	12	9
1978-02-05	0	NULO	14	9
1978-02-06	0	1.9	18	10
1978-02-07	17	2.6	18	11
1978-02-08	0.5	1.5	16.9	13
1978-02-09	0.5	1.5	21	12
1978-02-10	3	0.2	13	11
1978-02-11	0	1.3	20	11
1978-02-12	0	6.2	27	12
1978-02-13	0	2.1	21	15
1978-02-14	1	NULO	15	14
1978-02-15	0	0.7	21	13
1978-02-16	0	2.8	19	12
1978-02-17	1	2.2	18.1	11
1978-02-18	0	NULO	21	5
1978-02-19	0	NULO	6.1	6
1978-02-20	0	1.2	15	4
1978-02-21	0	2.4	14	6
1978-02-22	0	NULO	12	7
1978-02-23	2.5	0.2	14	9
1978-02-24	0	0.2	21	8
1978-02-25	0	8.6	26	11
1978-02-26	0	2.5	21	14
1978-02-27	0	2.8	25	16
1978-02-28	0	4.8	29.5	16
1978-03-01	0	4	28	18
1978-03-02	0	2.9	28	18.5
1978-03-03	8	3.8	21.5	18
1978-03-04	7	6.4	18	10.5
1978-03-05	0	1.1	18.1	7.5
1978-03-06	0	3.5	24	14
1978-03-07	1	4.7	27	15
1978-03-08	5	6.4	17	14
1978-03-09	0	4.3	23.5	11
1978-03-10	0	8.9	26.5	14
1978-03-11	0	1.5	30	12
1978-03-12	0	3.8	28	8
1978-03-13	0	2	33	15
1978-03-14	0	6.4	28	17
1978-03-15	8	1.7	26	16
1978-03-16	14	9.5	18	17
1978-03-17	2	3.3	16	12
1978-03-18	2	0.1	17	11
1978-03-19	0	3.8	16	12
1978-03-20	0	3	24	12
1978-03-21	0	3.7	26	15
1978-03-22	0	1.2	24	16
1978-03-23	0	2.5	26	18
1978-03-24	0	3.2	27	18
1978-03-25	30	2.28	21	19
1978-03-26	0	NULO	16	14
1978-03-27	0	NULO	24	11
1978-03-28	0	3.8	23	12
1978-03-29	0	3.1	23	15
1978-03-30	0	1.7	22	16
1978-03-31	0	3.5	23	16
1978-04-01	0	3.4	26	18
1978-04-02	0	4.1	27	16
1978-04-03	0	2.8	27	16
1978-04-04	0	2.3	26	19
1978-04-05	0	4	27	18
1978-04-06	0	1.3	26	16
1978-04-07	0	3.8	26	18
1978-04-08	0	0.9	27	19
1978-04-09	0	6.2	29	20
1978-04-10	0	6.7	33	21
1978-04-11	2	1.9	18	17
1978-04-12	0	3.8	29	12
1978-04-13	0	6	29	15
1978-04-14	0	6.7	26	16
1978-04-15	0	4.4	26	17
1978-04-16	0	1.2	29	18
1978-04-17	0	9.6	31	20
1978-04-18	0	4.9	32	20
1978-04-19	1	6.6	32	20
1978-04-20	9	2.2	25	20
1978-04-21	0	0.6	24	18
1978-04-22	0	0.4	31	19
1978-04-23	0	10.2	31	19
1978-04-24	0	4.6	30	21
1978-04-25	0	2	29	20
1978-04-26	0	6.6	28	18
1978-04-27	0	1.4	22.1	20
1978-04-28	0	4.2	30	19
1978-04-29	0	5.5	30	20
1978-04-30	0	5	24	20
1978-05-01	0	4.3	39	22
1978-05-02	0	NULO	39	21
1978-05-03	0	4.7	31	26
1978-05-04	0	3.9	29	20
1978-05-05	0	4.6	32	20
1978-05-06	0	6	37	21
1978-05-07	0	9.3	39	24
1978-05-08	0	6.2	35	22
1978-05-09	0	5.3	33	22
1978-05-10	0	2.8	32	23
1978-05-11	0	6	33	22
1978-05-12	0	4.5	35	20
1978-05-13	0	8.2	33	22
1978-05-14	0	0.3	30	22
1978-05-15	0	4.2	32	21
1978-05-16	0	2	36	22
1978-05-17	0	2.2	36	23
1978-05-18	1	5.2	35	22
1978-05-19	4	4.3	33	22
1978-05-20	0	4.7	32	21
1978-05-21	3	8.9	33	22
1978-05-22	0	4.8	32	19
1978-05-23	0	5.3	32	20
1978-05-24	0	5.8	34	23
1978-05-25	0	4.3	32	23
1978-05-26	0	5.1	33	22
1978-05-27	0	6.3	33	22
1978-05-28	0	5.8	33	22
1978-05-29	0	NULO	32	21
1978-05-30	50	NULO	29	20
1978-05-31	27	NULO	28	21
1978-06-01	14	3	29	20
1978-06-02	4.5	2.5	29	22
1978-06-03	40	10.9	31	24
1978-06-04	19	0.2	23	20
1978-06-05	3	3	30	21
1978-06-06	18	9	32	22
1978-06-07	38	0.9	30	20
1978-06-08	58	11.2	28	20
1978-06-09	5	1.1	25	19
1978-06-10	0	3.2	28	19
1978-06-11	0	5.4	30	20
1978-06-12	0	1.7	29	20
1978-06-13	0	5.5	29	20
1978-06-14	0	3.3	30	20
1978-06-15	0	6.6	31	20
1978-06-16	0	5	31	21
1978-06-17	0	6.2	31	20
1978-06-18	0	3	28	19
1978-06-19	0	4.8	29	19
1978-06-20	0	4.2	31	18
1978-06-21	0	3.2	30	20
1978-06-22	8	5.2	30	20
1978-06-23	13	1.5	29	20
1978-06-24	0	5.5	28	21
1978-06-25	0	4.1	30	21
1978-06-26	0	6.1	31	22
1978-06-27	12	6.9	30	22
1978-06-28	0	2.2	25	21
1978-06-29	36	2.3	29	20
1978-06-30	0	3.4	29	19
1978-07-01	0	6.3	36	21
1978-07-02	0	0.4	30.1	20
1978-07-03	9.5	5.9	30	21
1978-07-04	3.5	4.5	26	20
1978-07-05	0	3.4	25	20
1978-07-06	0	3.8	25	20
1978-07-07	4.5	2.4	28	21
1978-07-08	12	15	28	20
1978-07-09	0	4.2	25	20
1978-07-10	0	3.2	32	20
1978-07-11	5	4.8	30	20
1978-07-12	0	6.7	30	19
1978-07-13	0	4.1	31	20
1978-07-14	0	4.9	30	19
1978-07-15	0	6.2	31	19
1978-07-16	0	7	32	19
1978-07-17	0	2.2	30	21
1978-07-18	20	10.5	32	25
1978-07-19	4	NULO	28	20
1978-07-20	1	5.9	30	21
1978-07-21	0	3.7	23	19
1978-07-22	7	3.1	22.1	20
1978-07-23	26	13.3	26	20
1978-07-24	17	2.73	27	20
1978-07-25	0	3	29	20
1978-07-26	0	3.7	29	21
1978-07-27	11	7.8	28	20
1978-07-28	20	8.6	27	21
1978-07-29	0	5.6	29	21
1978-07-30	0	3.8	30	20
1978-07-31	0	5.7	30	20
1978-08-01	0	3.1	29	21
1978-08-02	18	2.01	30	19
1978-08-03	0	5	29	19
1978-08-04	0	8.1	31	20
1978-08-05	2	6.5	30	19
1978-08-06	4	3.6	29	20
1978-08-07	30	5.4	25	21
1978-08-08	8	0.8	23	20
1978-08-09	2.4	3.5	28	19
1978-08-10	0	3.1	22.1	20
1978-08-11	0	3.1	31	20
1978-08-12	0	4.4	30	20
1978-08-13	0	3.6	30	22
1978-08-14	0	1.9	28	21
1978-08-15	0	2.8	29	21
1978-08-16	0	3.9	29	21
1978-08-17	0	4.7	30	20
1978-08-18	0	4.2	30	21
1978-08-19	5	3.3	30	21
1978-08-20	0	3.9	25	21
1978-08-21	56	1.67	28	20
1978-08-22	13	3	27	19
1978-08-23	11.5	2.18	28	20
1978-08-24	0	5.5	29	21
1978-08-25	0	2.8	29	21
1978-08-26	0	2.8	30	20
1978-08-27	0	3.6	30	20
1978-08-28	0	0.2	25.1	22
1978-08-29	0	5.2	30	20
1978-08-30	2	0.4	28	22
1978-08-31	9	8.2	24	20
1978-09-01	5	7.6	27	19
1978-09-02	7.5	2.1	22.1	20
1978-09-03	0	1.6	27	20
1978-09-04	0	4.2	30	18
1978-09-05	0	2.8	30	18
1978-09-06	25	8.2	26	20
1978-09-07	35	NULO	29	20
1978-09-08	1	4.3	29	20
1978-09-09	0	1.7	25	21
1978-09-10	0	0.9	25	20
1978-09-11	0	6.3	30	22
1978-09-12	0	2.6	32	26
1978-09-13	0	6.3	32	23
1978-09-14	0	3.1	31	23
1978-09-15	0	6	32	23
1978-09-16	0	4.1	32	23
1978-09-17	0	6.2	32	23
1978-09-18	5	5	30	18
1978-09-19	4	1	30	20
1978-09-20	12.5	4.3	25	21
1978-09-21	50	NULO	29	20
1978-09-22	80	NULO	22	20
1978-09-23	168.5	NULO	26	20
1978-09-24	50	NULO	27	21
1978-09-25	20	NULO	28	21
1978-09-26	0	1.9	26	20
1978-09-27	0	2.5	23	19
1978-09-28	9	3.3	22	20
1978-09-29	0	7.7	25	17
1978-09-30	0	NULO	24	19
1978-10-01	0	NULO	27	20
1978-10-02	0	NULO	28	20
1978-10-03	0	NULO	29	18
1978-10-04	0	NULO	29	20
1978-10-05	13.5	NULO	29	20
1978-10-06	30	NULO	25	21
1978-10-07	24	NULO	24	19
1978-10-08	34	NULO	21	16
1978-10-09	3	NULO	21	18
1978-10-10	0	NULO	27	19
1978-10-11	0	NULO	28	18
1978-10-12	70	NULO	27	20
1978-10-13	14	NULO	25	17
1978-10-14	14	NULO	22	17
1978-10-15	0	NULO	19	14
1978-10-16	4	NULO	22	13
1978-10-17	0	NULO	21	16
1978-10-18	0	NULO	21	16
1978-10-19	0	NULO	21	16
1978-10-20	0	NULO	25	17
1978-10-21	0	NULO	25	16
1978-10-22	0	NULO	26	16
1978-10-23	0	NULO	26	19
1978-10-24	0	NULO	26	15
1978-10-25	0	NULO	26	18
1978-10-26	5	NULO	27	19
1978-10-27	6	NULO	19	18
1978-10-28	9	NULO	20	17
1978-10-29	0	NULO	20	16
1978-10-30	0	NULO	25	14
1978-10-31	0	NULO	25	17
1978-11-01	0	0.5	25	18
1978-11-02	4.5	4	23	18
1978-11-03	0	1.1	24	18
1978-11-04	0	3.2	26	19
1978-11-05	0	3	27	18
1978-11-06	3.5	3.5	26	20
1978-11-07	6	0.3	19	17
1978-11-08	0	1.8	19	14
1978-11-09	0	3.2	22	14
1978-11-10	0	2.6	22	17
1978-11-11	0	3.5	26	18
1978-11-12	0	2.3	26	19
1978-11-13	0	1.3	25	19
1978-11-14	0	2.8	26	18
1978-11-15	0	2.4	26	20
1978-11-16	0	6.3	27	19
1978-11-17	0	8	24.1	18
1978-11-18	0	0.6	21	15
1978-11-19	0	2.4	24	16
1978-11-20	0	4	23	18
1978-11-21	0	0.4	20	18
1978-11-22	0	2.2	24	18
1978-11-23	0	1.8	24	16
1978-11-24	0	3.2	23	18
1978-11-25	0	3.9	25	19
1978-11-26	0	4.6	27	19
1978-11-27	0	0.8	28	20
1978-11-28	0	1.8	26	14
1978-11-29	0	3.8	23	13
1978-11-30	0	NULO	NULO	NULO
1978-12-01	0	1	24	19
1978-12-02	0	1	22	19
1978-12-03	0	3.3	23	19
1978-12-04	0	0.7	21	19
1978-12-05	0	1.2	20	13
1978-12-06	0	3.1	28	14.5
1978-12-07	0	0.4	28	15
1978-12-08	6	1.2	23	18
1978-12-09	0	0.9	7	4
1978-12-10	0	0.9	11	4
1978-12-11	10	0.8	12	6
1978-12-12	2.6	0.2	15	8
1978-12-13	0	0.7	20	10
1978-12-14	2	2	21	15
1978-12-15	0	6.6	21	14
1978-12-16	0	1	24	14
1978-12-17	10.5	1.1	24	15
1978-12-18	0	1.1	22	15
1978-12-19	0	3.5	24	15
1978-12-20	0	1.3	27	14
1978-12-21	18	1.2	18.1	18
1978-12-22	0	0.6	19	13
1978-12-23	0	2.1	24	12
1978-12-24	0	3.4	22	16
1978-12-25	0	1.3	19	13
1978-12-26	0	1.9	21	14
1978-12-27	0	1.8	16	14
1978-12-28	0	1.7	22	13
1978-12-29	0	2.5	22	15
1978-12-30	0	1.6	23	15
1978-12-31	0	2.3	20	14
1979-01-01	15	1.3	15	8
1979-01-02	5.5	4.5	4.1	3
1979-01-03	3	0.8	10	2
1979-01-04	0	1.7	18	5
1979-01-05	0	2.2	21	7
1979-01-06	0	2.8	22	11
1979-01-07	10	1.2	18	12
1979-01-08	8	4.3	16	9
1979-01-09	1	7.3	12	5
1979-01-10	0	1.5	13	6
1979-01-11	0	0.9	15	11
1979-01-12	0	5.6	18	11
1979-01-13	0	0.3	25	14
1979-01-14	0	2	12	9
1979-01-15	0	2.3	11	6
1979-01-16	0	1.4	20	8
1979-01-17	15	4.1	20	13
1979-01-18	0	6.7	22	15
1979-01-19	0	3.4	25	15
1979-01-20	0	7.1	27	17
1979-01-21	0	5.2	16	11
1979-01-22	0	1.2	19	8
1979-01-23	0	6.3	27	10
1979-01-24	0	0.1	14	11
1979-01-25	0	4.1	26	10
1979-01-26	0	2.2	30	15
1979-01-27	0	1.8	22	16
1979-01-28	0	0.3	15	12
1979-01-29	0	1.6	22	12
1979-01-30	5	1.6	22	13
1979-01-31	3	0.1	12	9
1979-02-01	0	1.6	14	9
1979-02-02	0	1.7	21	10
1979-02-03	0	3.2	22	13
1979-02-04	0	0.9	23	15
1979-02-05	3	0.6	18	17
1979-02-06	4	1.1	22	17
1979-02-07	4	1.1	13	12
1979-02-08	0	1.1	17	11
1979-02-09	7	0.6	15.1	13
1979-02-10	0	0.8	16	10
1979-02-11	2	1	17	12
1979-02-12	0	3.2	20	14
1979-02-13	0	0.2	22	12
1979-02-14	0	3.1	25	13
1979-02-15	0	4.8	22	15
1979-02-16	3	1.5	22	16
1979-02-17	4	0.9	14	11
1979-02-18	5	1.2	11.1	10
1979-02-19	0	1.4	11.1	6
1979-02-20	0	2.4	23	10
1979-02-21	0	3.2	24	12
1979-02-22	0	2.1	25	18
1979-02-23	0	2.5	28	15
1979-02-24	0	2	22	16
1979-02-25	0	3.7	15	14
1979-02-26	0	1.3	20	9
1979-02-27	0	0.1	24	10
1979-02-28	0	2	23	13
1979-03-01	0	1.4	22	15
1979-03-02	0	4.5	27	16
1979-03-03	4	NULO	23	18
1979-03-04	0	0.2	23	10
1979-03-05	9	0.1	25	11
1979-03-06	8	0.2	26	11
1979-03-07	0	3.1	21	12
1979-03-08	0	2.9	25	11
1979-03-09	0	5.1	26	10
1979-03-10	6	1.3	22	13
1979-03-11	3	NULO	20	10
1979-03-12	1	0.1	17	11
1979-03-13	0	2	23	11
1979-03-14	0	1.9	23	15
1979-03-15	2	0.6	25	16
1979-03-16	1	0.5	23	17
1979-03-17	0	1.9	25	13
1979-03-18	0	1.8	24	16
1979-03-19	0	4.7	29	17
1979-03-20	0	4.5	28	19
1979-03-21	0	3.7	29	20
1979-03-22	0	11.1	32	20
1979-03-23	0	1.5	27	18
1979-03-24	0	1.8	24	17
1979-03-25	0	0.8	20	16
1979-03-26	0	1	23	14
1979-03-27	0	1.4	23	17
1979-03-28	0	1.4	25	17
1979-03-29	0	2.9	27	19
1979-03-30	0	1.3	29	20
1979-03-31	0	2.5	29	20
1979-05-01	0	3.2	29	21
1979-05-02	0	6.6	32	22
1979-05-03	0	5.4	32	23
1979-05-04	14	NULO	29	22
1979-05-05	1	0.2	21	17
1979-05-06	0	0.6	27	16
1979-05-07	0	4.5	29	17
1979-05-08	0	7.4	29	21
1979-05-09	0	1.5	30	19
1979-05-10	0	3.8	31	19
1979-05-11	5	2.5	32	20
1979-05-12	7	1.7	18.1	17
1979-05-13	2.7	NULO	19	15
1979-05-14	0	9	23	15
1979-05-15	0	2.5	27	18
1979-05-16	0	3.8	24	17
1979-05-17	0	2.8	27	17
1979-05-18	0	4.6	29	18
1979-05-19	0	3.5	29	18
1979-05-20	0	4	29	19
1979-05-21	0	6.2	31	20
1979-05-22	6.5	3.9	32	22
1979-05-23	2	5	31	21
1979-05-24	2.3	1.3	27	20
1979-05-25	0	NULO	27	20
1979-05-26	0	8.6	26	20
1979-05-27	0	3.8	30	20
1979-05-28	0	3	31	20
1979-05-29	0	5	33	21
1979-05-30	0	3.5	33	23
1979-05-31	0	5.2	33	23
1979-06-01	0	7.9	33	23
1979-06-02	18	1	31	22
1979-06-03	0	4.7	30	22
1979-06-04	0.7	4.7	31	22
1979-06-05	0	3.2	31	23
1979-06-06	0	2	31	22
1979-06-07	0	5.3	33	22
1979-06-08	0	3.6	31	23
1979-06-09	4.5	NULO	32	22
1979-06-10	83	NULO	27	21
1979-06-11	8	NULO	22	18
1979-06-12	0	1.9	26	18
1979-06-13	0	8.1	25	17
1979-06-14	0	6.1	28	15
1979-06-15	0	6.5	30	17
1979-06-16	0	7.8	29	20
1979-06-17	0	3.8	30	20
1979-06-18	0	5.3	31	19
1979-06-19	0	5.6	32	22
1979-06-20	0	6.2	32	22
1979-06-21	0	6.4	32	21
1979-06-22	0	3.2	30	21
1979-06-23	0	4.5	30	20
1979-06-24	0.5	5.3	30	20
1979-06-25	13	1.2	30	20
1979-06-26	5.5	4.2	29	20
1979-06-27	0	2.9	29	21
1979-06-28	0	4.9	29	19
1979-06-29	0	4.7	31	20
1979-06-30	0	5.6	30	19
1979-07-01	0	3.2	31	20
1979-07-02	3	3	31	20
1979-07-03	1.5	3.9	31	19
1979-07-04	0	3.2	32	21
1979-07-05	20	2.7	30	20
1979-07-06	0	3.2	29	20
1979-07-07	9	6.9	30	21
1979-07-08	4	0.1	30	21
1979-07-09	0	3	30	21
1979-07-10	25	4.2	34	23
1979-07-11	0	4.3	32	19
1979-07-12	0	3.3	29	21
1979-07-13	10	2.9	30	20
1979-07-14	0	3.9	29	20
1979-07-15	0	4.1	29	23
1979-07-16	15	2.9	30	20
1979-07-17	0	4	31	19
1979-07-18	10	2	30	21
1979-07-19	0	2	32	20
1979-07-20	0	3.8	33	20
1979-07-21	0	2.5	31	21
1979-07-22	0	1.4	31	21
1979-07-23	0	6.6	32	21
1979-07-24	0	4.9	33	21
1979-07-25	0	4.2	34	21
1979-07-26	47.5	8.8	34	21
1979-07-27	0	1.4	30	20
1979-07-28	2	3.1	31	21
1979-07-29	0	5.9	29	20
1979-07-30	0	5.5	31	20
1979-07-31	0	6.6	31	20
1979-08-01	4.5	7	31	19
1979-08-02	0	2.5	29	17
1979-08-03	4	2.4	31	17
1979-08-04	2.5	NULO	31	21
1979-08-05	9	1.1	24	21
1979-08-06	7	0.3	27	20
1979-08-07	0	4	28	19
1979-08-08	1	2	30	19
1979-08-09	2.5	3.5	28	21
1979-08-10	0	2.6	28	21
1979-08-11	0.5	3.6	29	20
1979-08-12	6.5	1	26	20
1979-08-13	3	0.4	29	20
1979-08-14	10	2.9	26	20
1979-08-15	3	1	25	19
1979-08-16	0	3	29	20
1979-08-17	0	5.9	28	20
1979-08-18	0	8.1	29	20
1979-08-19	0	9.1	29	19
1979-08-20	2	8.9	31	19
1979-08-21	0	5.2	29	19
1979-08-22	0	4.9	30	19
1979-08-23	2	3.9	31	19
1979-08-24	13	5.4	29	20
1979-08-25	20	1.5	26	18
1979-08-26	1.7	2.1	28	19
1979-08-27	0.5	2.5	30	20
1979-08-28	7.5	3	29	21
1979-08-29	45	17.1	28	21
1979-08-30	7.5	6.8	29	20
1979-08-31	0	4.1	29	21
1979-09-01	0	3.6	30	19
1979-09-02	0	5.8	30	22
1979-09-03	0	3.7	30	21
1979-09-04	0	3.2	30	20
1979-09-05	0.2	4.2	31	19
1979-09-06	33.7	9.4	29	21
1979-09-07	20	1	24	20
1979-09-08	4.5	2	26	20
1979-09-09	0.5	3.3	25	20
1979-09-10	0.8	2.4	25	20
1979-09-11	0.6	2.7	29	19
1979-09-12	0	3.9	28	20
1979-09-13	0	5.2	29	20
1979-09-14	0	4.6	29	20
1979-09-15	0.8	4.2	27	20
1979-09-16	0	4.6	26	19
1979-09-17	26	3.8	26	19
1979-09-18	27.8	2.7	23	15
1979-09-19	0.8	2.2	25	18
1979-09-20	0	6.3	31	19
1979-09-21	0	5.1	32	20
1979-09-22	0	5.4	30	19
1979-09-23	0	3	28	20
1979-09-24	0	4.9	29	16
1979-09-25	0	4.5	23	16
1979-09-26	0	6.6	28	16
1979-09-27	0	5.5	30	13
1979-09-28	0	4.4	28	13
1979-09-29	0	4	28	14
1979-09-30	0	6.7	28	15
1979-10-01	0	3.8	30	15
1979-10-02	0	4.5	29	15
1979-10-03	0	4.1	29	17
1979-10-04	0	4.6	25	14
1979-10-05	0	2.3	29	16
1979-10-06	0	3.3	29	15
1979-10-07	0	4.7	28	20
1979-10-08	0	7	28	16
1979-10-09	0	3.5	28	16
1979-10-10	0	3.2	28	16
1979-10-11	0	5.6	29	16
1979-10-12	0	4.4	30	14
1979-10-13	0	3.2	30	16
1979-10-14	0	6.2	28	21
1979-10-15	0	2.8	29	18
1979-10-16	0	5.7	30	21
1979-10-17	0	4.3	29	21
1979-10-18	0	4.3	28	19
1979-10-19	0	4.5	29	17
1979-10-20	0	4.7	29	19
1979-10-21	0	4.3	30	21
1979-10-22	12.4	5.6	30	20
1979-10-23	0	3.2	23	17
1979-10-24	0	3.3	25	11
1979-10-25	0	0.5	22	11
1979-10-26	0	3.5	25	16
1979-10-27	0	2.6	27	21
1979-10-28	0	3.8	28	17
1979-10-29	0	2	25	20
1979-10-30	0	2.5	29	18
1979-10-31	0	5	29	20
1979-11-01	0	5.6	25	19
1979-11-02	20.4	1.4	25	20
1979-11-03	18	2.1	24	10
1979-11-04	0.5	2.8	23	11
1979-11-05	0	4.1	24	17
1979-11-06	0.5	0.7	25	16
1979-11-07	0	3.3	22	16
1979-11-08	0	3.5	27	15
1979-11-09	0	3.9	28	17
1979-11-10	8.3	1.9	25	18
1979-11-11	3	0.3	17	13
1979-11-12	18	4.5	21	13
1979-11-13	8	2.5	24	19
1979-11-14	7.3	1.2	14	11
1979-11-15	0.5	1.2	16	11
1979-11-16	0.4	1.8	18	13
1979-11-17	0	2.2	22	15
1979-11-18	0	2	24	13
1979-11-19	0	1.9	23	16
1979-11-20	0	3.2	23	18
1979-11-21	0	2	25	17
1979-11-22	12	0.1	19	15
1979-11-23	0	1.2	13	6
1979-11-24	0	2.2	21	7
1979-11-25	0	4.1	20	12
1979-11-26	0	2.8	23	14
1979-11-27	0	2.3	25	9
1979-11-28	0	2.9	23	9
1979-11-29	0	6.8	13	11
1979-11-30	5	2.7	11	8
1979-12-01	0	1.1	13	8
1979-12-02	18	0.8	13	9
1979-12-03	22	0.2	13	9
1979-12-04	22.3	0.4	14	9
1979-12-05	0	0.6	20	12
1979-12-06	0	2.2	19	14
1979-12-07	0	1.2	24	16
1979-12-08	4	1	25	10
1979-12-09	7	0.1	18	10
1979-12-10	3	0.9	24	16
1979-12-11	0	0.9	21	16
1979-12-12	1	1.6	24	16
1979-12-13	5.4	1	20	14
1979-12-14	2	0.8	12	10
1979-12-15	2	1.3	21	9
1979-12-16	6	0.1	22	10
1979-12-17	3	0.1	20	11
1979-12-18	2	1.9	22	8
1979-12-19	0	0.9	20	10
1979-12-20	0	1	21	15
1979-12-21	0	1.5	24	15
1979-12-22	0	2.4	24	16
1979-12-23	0	4.4	25	15
1979-12-24	0	1.5	25	10
1979-12-25	0	2.8	20	9
1979-12-26	0	4.1	22	12
1979-12-27	0	3.7	22	11
1979-12-28	0	1.6	23	11
1979-12-29	8	0.7	22	11
1979-12-30	1	0.5	25	11
1979-12-31	11	0.9	26	12
1980-01-01	1	0.79	16	12
1980-01-02	0	0.27	20	13
1980-01-03	17	3.7	21	15
1980-01-04	0	1.85	22	10
1980-01-05	0	3.05	21	10
1980-01-06	0	1.64	21	12
1980-01-07	0.8	2.02	24	10
1980-01-08	0.4	8.8	21	12
1980-01-09	0	4.19	18	16
1980-01-10	0	1.73	24	16
1980-01-11	0.6	3.04	25	15
1980-01-12	0	6.66	18	16
1980-01-13	0	1.04	22	13
1980-01-14	0	3.02	23	12
1980-01-15	0	3.6	23	14
1980-01-16	0	1.36	23	15
1980-01-17	0	1.1	25	16
1980-01-18	0	1.35	23	17
1980-01-19	7	1.37	24	18
1980-01-20	3	0.47	24	17
1980-01-21	3.4	0.72	22	18
1980-01-22	1.5	1.44	26	17
1980-01-23	2.4	2.38	9	8
1980-01-24	5.3	0.74	13	6
1980-01-25	0	0.95	21	7
1980-01-26	0	1.66	23	11
1980-01-27	2.6	1.65	25	15
1980-01-28	0	0.72	19	12
1980-01-29	2.2	1.84	23	16
1980-01-30	0	3.83	23	17
1980-01-31	13	1.6	19	18
1980-02-01	0	1.46	15	5
1980-02-02	1	0.16	10	7
1980-02-03	0	1.26	18	7
1980-02-04	0	4.47	22	5
1980-02-05	0	2.64	23	9
1980-02-06	0	2.91	20	10
1980-02-07	0	0.76	21	13
1980-02-08	0	2.6	24	13
1980-02-09	2.6	0.4	23	14
1980-02-10	0	1.37	12	6
1980-02-11	0	0.79	16	6
1980-02-12	0	0.55	16	9
1980-02-13	0	0.88	22	12
1980-02-14	0	1.75	22	13
1980-02-15	0	3.78	22	12
1980-02-16	10.2	4.65	29	14
1980-02-17	23.3	1.28	10	8
1980-02-18	0	2.45	18	7
1980-02-19	0	3.95	21	9
1980-02-20	0	4.99	27	11
1980-02-21	0	4.78	28	13
1980-02-22	0	4.21	28	12
1980-02-23	0	1.55	18	14
1980-02-24	0	2.54	23	14
1980-02-25	0	0.35	17	16
1980-02-26	0	2.78	18	10
1980-02-27	0	1.45	18	12
1980-02-28	0	4.16	22	11
1980-02-29	NULO	3.62	19	13
1980-03-01	4.4	2.03	26	17
1980-03-02	0	1.91	8	3
1980-03-03	0	3.12	25	5
1980-03-04	0	2.97	25	7
1980-03-05	0	5.61	28	15
1980-03-06	0	2.1	28	16
1980-03-07	0	1.01	25	16
1980-03-08	0	3.98	29	18
1980-03-09	0	3.29	27	18
1980-03-10	0	5.38	27	19
1980-03-11	0	5.26	27	19
1980-03-12	0	4.5	24	19
1980-03-13	0	4.4	30	16
1980-03-14	0	2.81	20	14
1980-03-15	0	2.77	26	15
1980-03-16	0	4.45	28	17
1980-03-17	46.4	3.35	29	19
1980-03-18	0	5.24	20	10
1980-03-19	0	7.24	25	14
1980-03-20	0	3.35	30	16
1980-03-21	0	2.94	19	17
1980-03-22	0	3.51	25	17
1980-03-23	0	4.87	30	18
1980-03-24	0	3.59	26	19
1980-03-25	2.5	1.55	27	16
1980-03-26	4.5	0.93	23	17
1980-03-27	0	2.39	29	19
1980-03-28	0	6.1	30	21
1980-03-29	0	3.55	29	20
1980-03-30	0	3.75	26	19
1980-03-31	0	2.85	24	18
1980-04-01	0	2.2	26	16
1980-04-02	0	7.61	32	17
1980-04-03	0	8.13	32	19
1980-04-04	4.5	5.23	24	21
1980-04-05	1.3	4.55	29	16
1980-04-06	0	4.63	28	18
1980-04-07	0	2.63	32	19
1980-04-08	70	7.15	27	21
1980-04-09	0	5.27	22	17
1980-04-10	0	6.3	27	12
1980-04-11	0	7.7	32	16
1980-04-12	0	4.79	35	19
1980-04-13	2	4.5	28	13
1980-04-14	0	5.09	20	10
1980-04-15	0	4.24	23	11
1980-04-16	0	5.7	24	16
1980-04-17	0	3.05	25	17
1980-04-18	5.3	1.13	23	15
1980-04-19	3.7	3.6	26	16
1980-04-20	0	3.42	25	16
1980-04-21	0	3.91	25	16
1980-04-22	0	1.59	24	18
1980-04-23	0	4.86	28	16
1980-04-24	1	6.53	31	18
1980-04-25	0	5.44	32	19
1980-04-26	0	6.47	30	17
1980-04-27	0	5.9	31	20
1980-04-28	0	4.68	29	21
1980-04-29	0	4.14	28	16
1980-04-30	0	5.28	30	17
1980-05-01	2.4	2.4	31	20
1980-05-02	2.5	2.5	31	17
1980-05-03	13.5	13.5	28	20
1980-05-04	1.3	NULO	28	20
1980-05-05	0.5	0.5	27	19
1980-05-06	0	NULO	30	20
1980-05-07	1.2	1.2	33	20
1980-05-08	0	NULO	37	22
1980-05-09	0	NULO	30	22
1980-05-10	0	NULO	35	22
1980-05-11	0.5	0.5	33	25
1980-05-12	1.8	1.8	36	24
1980-05-13	0	NULO	34	22
1980-05-14	0	NULO	31	23
1980-05-15	0	NULO	35	23
1980-05-16	0	NULO	33	24
1980-05-17	0	NULO	32	25
1980-05-18	63	6.3	30	24
1980-05-19	0	NULO	29	22
1980-05-20	0	NULO	33	15
1980-05-21	0	NULO	31	19
1980-05-22	0	NULO	35	21
1980-05-23	0	NULO	31	25
1980-05-24	4	4	35	23
1980-05-25	17.8	17.8	33	23
1980-05-26	0	NULO	35	23
1980-05-27	0	NULO	31	20
1980-05-28	0	NULO	32	20
1980-05-29	0	NULO	33	21
1980-05-30	0	NULO	32	23
1980-05-31	0	NULO	32	22
1980-06-01	0	NULO	32	21
1980-06-02	0	NULO	32	21
1980-06-03	0	NULO	32	22
1980-06-04	0	NULO	32	21
1980-06-05	0	NULO	32	20
1980-06-06	0	NULO	33	21
1980-06-07	0	NULO	33	23
1980-06-08	0	NULO	33	22
1980-06-09	0	NULO	33	21
1980-06-10	20	NULO	32	21
1980-06-11	10.5	NULO	31	21
1980-06-12	0	NULO	32	19
1980-06-13	0	NULO	32	20
1980-06-14	0	NULO	33	19
1980-06-15	0	NULO	33	20
1980-06-16	0	NULO	35	20
1980-06-17	7	NULO	30	25
1980-06-18	0	NULO	30	21
1980-06-19	53	NULO	30	20
1980-06-20	6	NULO	24	22
1980-06-21	28	NULO	27	21
1980-06-22	0	NULO	27	21
1980-06-23	0	NULO	29	21
1980-06-24	3.3	NULO	30	21
1980-06-25	0.8	NULO	30	21
1980-06-26	0	NULO	31	21
1980-06-27	0	NULO	31	21
1980-06-28	0	NULO	30	21
1980-06-29	0	NULO	31	21
1980-06-30	0	NULO	31	21
1980-07-01	0	7.3	39	20
1980-07-02	0	5.35	34	20
1980-07-03	0	5.4	32	19
1980-07-04	0	4.86	30	20
1980-07-05	0	5.14	30	22
1980-07-06	0	5.05	30	20
1980-07-07	0	4.95	30	20
1980-07-08	0	5.49	32	20
1980-07-09	0	3.26	32	21
1980-07-10	0	5.95	32	21
1980-07-11	0	2.49	33	22
1980-07-12	0	4.01	33	22
1980-07-13	0	5.77	33	22
1980-07-14	0	4.33	30	21
1980-07-15	3	3.9	29	21
1980-07-16	0	4.8	32	20
1980-07-17	0	6.38	33	20
1980-07-18	0	5.22	32	21
1980-07-19	0	8.1	32	22
1980-07-20	0	4.76	29	20
1980-07-21	0	5.02	33	23
1980-07-22	0	5.4	34	22
1980-07-23	0	7.78	34	20
1980-07-24	0	6.53	34	20
1980-07-25	1.1	4.88	35	22
1980-07-26	0	6.33	32	20
1980-07-27	0	5.06	32	21
1980-07-28	3	3.15	31	20
1980-07-29	5	3.39	27	21
1980-07-30	6.1	3.08	30	19
1980-07-31	0	5.24	31	19
1980-08-01	0	5.19	31	20
1980-08-02	0	4.5	32	20
1980-08-03	0	4.92	33	20
1980-08-04	0	3.21	34	22
1980-08-05	3	1.75	31	20
1980-08-06	65	2.24	30	20
1980-08-07	12	2.8	29	21
1980-08-08	0	3.4	30	21
1980-08-09	0	3.2	35	23
1980-08-10	0	3.17	32	23
1980-08-11	10	1.6	32	24
1980-08-12	8	2.9	28	22
1980-08-13	0	4	30	18
1980-08-14	0	5.7	30	21
1980-08-15	0	7.15	32	22
1980-08-16	0	2.65	31	22
1980-08-17	0	4.82	30	22
1980-08-18	0	0.7	32	22
1980-08-19	0	4.33	30	22
1980-08-20	0	5.46	30	20
1980-08-21	3	3	31	21
1980-08-22	0	3.2	21	20
1980-08-23	0	3.2	30	20
1980-08-24	0	6.77	30	20
1980-08-25	0	6.08	30	20
1980-08-26	0	2.69	31	20
1980-08-27	0	4.66	30	19
1980-08-28	0	3.75	30	20
1980-08-29	0	4.75	31	21
1980-08-30	0	5.8	30	20
1980-08-31	10	0.84	31	20
1980-09-01	77	1.1	26	21
1980-09-02	33	1.1	25	20
1980-09-03	45	0.18	25	20
1980-09-04	0	1.27	27	20
1980-09-05	0	3.73	29	21
1980-09-06	0	4.73	30	20
1980-09-07	0	5.02	29	20
1980-09-08	0	5.2	31	20
1980-09-09	3	3.4	29	20
1980-09-10	0	1.4	27	20
1980-09-11	0	1.55	27	20
1980-09-12	0	3.15	29	18
1980-09-13	0	3.2	32	19
1980-09-14	0	4.85	30	19
1980-09-15	0	3.57	30	20
1980-09-16	0	2.83	31	20
1980-09-17	0	5.2	32	19
1980-09-18	0	3.8	30	19
1980-09-19	0	3.5	32	20
1980-09-20	15	2.05	28	20
1980-09-21	0	4.3	30	20
1980-09-22	13.5	1	30	20
1980-09-23	117.5	1	25	20
1980-09-24	13	0.5	22	20
1980-09-25	30.3	0.27	26	19
1980-09-26	39.2	0.13	26	20
1980-09-27	0	3.89	27	20
1980-09-28	2.6	3.11	28	20
1980-09-29	0	4.14	29	22
1980-09-30	0	2.84	30	21
1980-10-01	0	2.98	29	20
1980-10-02	0	2.7	27	19
1980-10-03	3	4	26	16
1980-10-04	0	2.2	27	19
1980-10-05	0	5.29	27	19
1980-10-06	0	2.9	26	16
1980-10-07	1.7	0.93	24	17
1980-10-08	0	4.46	25	15
1980-10-09	0	4.05	29	15
1980-10-10	0	3.45	27	20
1980-10-11	0	4.3	28	17
1980-10-12	0	2.53	28	17
1980-10-13	0	3.67	28	17
1980-10-14	0	2.8	28	19
1980-10-15	0	4.4	28	21
1980-10-16	0	2.9	30	20
1980-10-17	0	3.2	28	20
1980-10-18	0	4.32	28	19
1980-10-19	14	1.99	27	20
1980-10-20	5	0.27	27	15
1980-10-21	2.3	0.79	27	15
1980-10-22	1.3	0.3	27	14
1980-10-23	0	0.87	27	16
1980-10-24	34.5	0.7	25	15
1980-10-25	12.5	1.71	25	14
1980-10-26	0	0.3	25	14
1980-10-27	0	1.7	29	15
1980-10-28	34.5	3.87	30	20
1980-10-29	1	0.09	10	8
1980-10-30	0	1.69	15	8
1980-10-31	0	2.65	25	9
1980-11-01	0	1.87	25	14
1980-11-02	0	4.14	23	15
1980-11-03	0	3.73	25	10
1980-11-04	0	1.95	24	11
1980-11-05	3.4	2.01	22	18
1980-11-06	0	2.09	23	15
1980-11-07	0	3.34	26	15
1980-11-08	0	3.06	26	13
1980-11-09	0	2.42	27	13
1980-11-10	0	3.1	25	13
1980-11-11	0	3.55	25	14
1980-11-12	0	2.34	25	13
1980-11-13	0	3.59	26	13
1980-11-14	0	2.8	25	14
1980-11-15	2	1.92	25	14
1980-11-16	6.3	2.81	24	13
1980-11-17	6.6	0.59	11	9
1980-11-18	1.3	0.9	11	7
1980-11-19	0.4	0.11	17	7
1980-11-20	4.1	1.12	15	9
1980-11-21	4.3	0.7	14	11
1980-11-22	0	0.36	14	11
1980-11-23	2	1.04	23	11
1980-11-24	0	1.33	19	13
1980-11-25	5	0.15	16	15
1980-11-26	0	0.4	16	11
1980-11-27	0	1.58	11	8
1980-11-28	3.4	0.82	11	8
1980-11-29	0	1.82	10	9
1980-11-30	0	1.51	21	7
1980-12-01	0	1.19	24	9
1980-12-02	36	2.7	23	17
1980-12-03	10	0.11	19	17
1980-12-04	0	0.82	19	16
1980-12-05	0	1.68	22	16
1980-12-06	5	0.55	23	17
1980-12-07	0	1.62	24	18
1980-12-08	0	1.63	25	19
1980-12-09	20	0.52	21	19
1980-12-10	19.1	0.85	22	11
1980-12-11	6	0.21	15	9
1980-12-12	3.1	1.19	19	12
1980-12-13	0	1.91	15	12
1980-12-14	2	1.32	21	12
1980-12-15	0	0.98	23	11
1980-12-16	0	2.41	23	11
1980-12-17	0	3.72	24	12
1980-12-18	0	2.95	23	10
1980-12-19	5	2.94	23	9
1980-12-20	2	0.4	11	10
1980-12-21	3	0.8	12	7
1980-12-22	0	2.07	18	8
1980-12-23	0	NULO	17	11
1980-12-24	11	3.31	19	10
1980-12-25	0	0.56	21	9
1980-12-26	0	0.86	21	10
1980-12-27	0	1.7	22	10
1980-12-28	0	1.8	22	10
1980-12-29	0	3.8	22	18
1980-12-30	6.1	1.9	14	10
1980-12-31	0	2.26	20	10
1981-01-01	0	1.1	19	11
1981-01-02	0	2.4	18	11
1981-01-03	0	2	20	10
1981-01-04	0	1.7	20	11
1981-01-05	0	1.7	20	12
1981-01-06	0	1.4	22	14
1981-01-07	4.7	1.5	17	11
1981-01-08	0	1.2	19	13
1981-01-09	11.3	0.6	20	16
1981-01-10	11.5	1	14.1	13
1981-01-11	32.2	1	14	12
1981-01-12	0	1.5	13	10
1981-01-13	38.2	0.8	14	10
1981-01-14	0	1.3	18	10
1981-01-15	5	1.2	18	11
1981-01-16	17.5	2	17	11
1981-01-17	26.2	0.6	10	8
1981-01-18	1.8	1.1	10	8
1981-01-19	1.3	0.6	11	8
1981-01-20	0	0.4	15	8
1981-01-21	0	1.1	17	8
1981-01-22	5.3	0.8	17	11
1981-01-23	3.7	1.4	15	11
1981-01-24	6.5	1.3	18	9
1981-01-25	0	1.4	21	12
1981-01-26	0	1.1	23	13
1981-01-27	0	1	23	14
1981-01-28	0	1.5	24	14
1981-01-29	0	2.5	23	14
1981-01-30	0	0.8	21	14
1981-01-31	0	3.4	23	15
1981-02-01	0	1.8	24	14
1981-02-02	8.2	1	24	12
1981-02-03	3	0.1	24	10
1981-02-04	0	0.6	18	10
1981-02-05	0	1.7	20	11
1981-02-06	0	3.2	23	15
1981-02-07	2.7	1.7	17.1	16
1981-02-08	0	1.7	20	13
1981-02-09	0	2.9	25	16
1981-02-10	3.8	5.2	17	15
1981-02-11	0	1.8	12	5
1981-02-12	0	1.9	14	7
1981-02-13	21.6	1.7	13	11
1981-02-14	13	0.5	12	10
1981-02-15	2.4	0.6	16	10
1981-02-16	0.6	1.1	17	11
1981-02-17	0.5	0.9	21	14
1981-02-18	0	2.8	23	14
1981-02-19	0	2.3	24	15
1981-02-20	0	2.5	23	17
1981-02-21	0	3.4	24	18
1981-02-22	7.2	0.8	26	18
1981-02-23	0	3.3	19	11
1981-02-24	0	2.8	24	12
1981-02-25	0.3	3.3	24	17
1981-02-26	0	2	23	13
1981-02-27	0	2.9	24	17
1981-02-28	0	1.8	23	17
1981-03-01	0	2.8	26	17
1981-03-02	0	3.8	26	18
1981-03-03	0	2.9	27	17
1981-03-04	0	4.1	25	18
1981-03-05	0	2.7	27	19
1981-03-06	0	2.9	26	15
1981-03-07	28.3	2.5	23	16
1981-03-08	3.6	1.1	17	14
1981-03-09	4.3	0.8	19	14
1981-03-10	0	1.1	20	15
1981-03-11	1.3	0.6	22	16
1981-03-12	7.3	0.8	19	15
1981-03-13	7	0.2	16	13
1981-03-14	0	2.6	19	14
1981-03-15	0	2.5	28	14
1981-03-16	0	4.1	23	15
1981-03-17	18.3	0.9	23	15
1981-03-18	0	1.4	30	13
1981-03-19	0	1.4	22	14
1981-03-20	0	3.5	22	15
1981-03-21	0	4.6	22	14
1981-03-22	0	6.1	28	15
1981-03-23	4	1.8	22	12
1981-03-24	5	1.3	26	14
1981-03-25	0	2.2	26	15
1981-03-26	0	2.8	25	15
1981-03-27	0	2	26	16
1981-03-28	0	1.8	28	17
1981-03-29	0	1.7	28	19
1981-03-30	0	7.5	28	17
1981-03-31	0	4.8	28	19
1981-04-01	0	2.7	30	20
1981-04-02	0	4	29	20
1981-04-03	0	5.6	29	20
1981-04-04	0	5.7	31	19
1981-04-05	0	1.6	29	18
1981-04-06	0	1.1	25	20
1981-04-07	0	3.2	25	20
1981-04-08	0	3.9	27	14
1981-04-09	0	3.3	27	17
1981-04-10	0	3.1	27	18
1981-04-11	0	3.8	25	20
1981-04-12	7	3.7	26	19
1981-04-13	0	4.7	28	17
1981-04-14	8.8	3.8	28	19
1981-04-15	3	1.7	26	17
1981-04-16	13.3	3.9	24	19
1981-04-17	0	1	26	18
1981-04-18	0	4.2	27	17
1981-04-19	1.3	3.5	28	18
1981-04-20	0	3.5	29	20
1981-04-21	4	3.6	28	19
1981-04-22	0	4.1	27	20
1981-04-23	0	2.8	27	20
1981-04-24	59	1.1	29	20
1981-04-25	2	0.3	20	16
1981-04-26	0	2.3	26	18
1981-04-27	0	3.4	27	19
1981-04-28	10	4.1	26	20
1981-04-29	5.4	4.3	30	19
1981-04-30	0	3.1	27	20
1981-05-01	0	2.2	27.6	20
1981-05-02	17.3	2.1	28.3	20.3
1981-05-03	0	2.7	28.6	20
1981-05-04	0	4.4	28.3	20.6
1981-05-05	0	4.6	29.3	21.1
1981-05-06	0	5.3	31	20.5
1981-05-07	0	5	30.6	21.2
1981-05-08	0	4.1	29	22.3
1981-05-09	45.6	3.7	29.8	22.6
1981-05-10	0	3.3	31.5	19.3
1981-05-11	0	4.2	25	16.6
1981-05-12	0	4.3	27.3	18.8
1981-05-13	0	3.5	29.8	20.8
1981-05-14	0	6.7	29.9	20.5
1981-05-15	0	1.9	29.9	21.5
1981-05-16	0	4.2	30.3	21.3
1981-05-17	0	4.2	34.5	21.7
1981-05-18	0	5.6	35.2	22.2
1981-05-19	54.2	5.4	31.2	24
1981-05-20	0	4	27	19.2
1981-05-21	2.4	2.7	27.4	21
1981-05-22	10.4	5.8	27.1	19.9
1981-05-23	0	4.1	29	19.7
1981-05-24	0	4.8	32	20.4
1981-05-25	26.4	4.2	30	19.9
1981-05-26	0	4.7	30.7	19.9
1981-05-27	0	4.1	33.1	20
1981-05-28	0	4.6	33.8	19.2
1981-05-29	0	4.6	31.8	20.2
1981-05-30	0	4.2	31.1	23.2
1981-05-31	0	4.1	31.2	22.3
1981-06-01	10.7	3.6	31.3	21
1981-06-02	0	2.8	28	21.2
1981-06-03	8.9	2.2	28	21.8
1981-06-04	0	5.1	31	21
1981-06-05	0	6.4	27	21
1981-06-06	0	4.4	33	20.7
1981-06-07	0	3	30	20.8
1981-06-08	0	4.1	31.8	22.1
1981-06-09	0	3.2	32.7	23
1981-06-10	3	3.9	32	23.3
1981-06-11	0	5.9	31.8	23
1981-06-12	40	0.8	30	21.8
1981-06-13	0	4.2	30.7	20.3
1981-06-14	0	4.5	32	20.3
1981-06-15	2.2	7.3	26	21.8
1981-06-16	51.3	0.7	24	20.8
1981-06-17	42.1	NULO	22	20
1981-06-18	85.3	0.4	22.8	19.6
1981-06-19	0	2.3	28.7	19.3
1981-06-20	24.6	3.4	27.8	20.1
1981-06-21	0	4	30	21.2
1981-06-22	0	4.6	29	23
1981-06-23	0	3.1	29.4	21.8
1981-06-24	33	0.4	29	21
1981-06-25	48	0.5	27	20.3
1981-06-26	6.1	2.2	26	20
1981-06-27	3.8	3.5	27	20
1981-06-28	1	2.9	28.6	20
1981-06-29	17.4	4.4	28	20
1981-06-30	20	0.6	23.8	20.8
1981-07-01	0	2	26	20.4
1981-07-02	0	6.7	30	21.6
1981-07-03	0	5.3	30	21
1981-07-04	0	5.5	30	21
1981-07-05	0	5.1	30	20
1981-07-06	40	4.7	29	20
1981-07-07	0	3.5	27	19
1981-07-08	0	4.2	27	20
1981-07-09	26	3.4	26	22
1981-07-10	0	3.3	28	20
1981-07-11	0	3.5	30	22
1981-07-12	0	3.5	29	22
1981-07-13	27	2.8	28	20
1981-07-14	20	1.7	28	18
1981-07-15	0	2.1	28	20
1981-07-16	0	3.8	27	19
1981-07-17	0	2.8	28	20
1981-07-18	0	4.7	27	20
1981-07-19	0	6.2	29	18
1981-07-20	0	7.5	28	21
1981-07-21	0	5.9	27	20
1981-07-22	0	5.4	30	20
1981-07-23	0	5.4	30	21
1981-07-24	0	5.2	28	21
1981-07-25	0	4.9	28	21
1981-07-26	0	5.1	30	22
1981-07-27	0	2.3	28	20
1981-07-28	34	4.3	28	21
1981-07-29	26	3.3	29	20
1981-07-30	0	3.1	28	22
1981-07-31	0	4.2	28	21
1981-09-01	0	7.4	31.4	23.3
1981-09-02	13.8	5.3	31	22.3
1981-09-03	15.8	3.4	29.2	20.8
1981-09-04	21.4	0.4	24.9	20.9
1981-09-05	0	3.4	29	19.2
1981-09-06	0	3.6	29.2	19.3
1981-09-07	0	4.8	29.8	19
1981-09-08	0	5.1	29	20.5
1981-09-09	0	4.4	29.2	20
1981-09-10	0	4.5	29	19.7
1981-09-11	0	4.2	30	20
1981-09-12	0	2.8	30	19.4
1981-09-13	0	3.8	30	20
1981-09-14	0	5.7	30.8	19.8
1981-09-15	0	4.7	30.5	20.4
1981-09-16	57.7	0.6	30.8	20.2
1981-09-17	135	0.8	26.8	20
1981-09-18	2.3	1.4	22	15
1981-09-19	0	3	23	15.5
1981-09-20	0	3.4	23.6	14
1981-09-21	0	5.6	27.5	17.5
1981-09-22	0	3.5	29	19.2
1981-09-23	0	4.2	30.5	20
1981-09-24	0	3.9	29.3	19
1981-09-25	0	4.3	28.8	19
1981-09-26	0	4.7	28	19
1981-09-27	64.7	2.7	29	19
1981-09-28	0	2.7	29	17
1981-09-29	52	0.1	29	19
1981-09-30	107.5	0.9	25	20
1982-01-01	0	3.4	23.5	17.5
1982-01-02	0	4.1	20	15.5
1982-01-03	0	0.6	29	15
1982-01-04	0	3.2	19	13
1982-01-05	0	2.2	20	10.5
1982-01-06	0	2.4	25	10
1982-01-07	20.7	2.6	25.5	11.5
1982-01-08	1.1	0.7	11	10
1982-01-09	0	1.8	17.2	7
1982-01-10	3	2	18	9
1982-01-11	2.3	0.7	20	10
1982-01-12	0	1.2	23	11
1982-01-13	5.3	2.3	21.5	8
1982-01-14	0	1	12	4.5
1982-01-15	0	3.4	18	5
1982-01-16	2	0.9	20	9
1982-01-17	5.7	2.6	22	11
1982-01-18	0	2.7	24	12
1982-01-19	0	1.9	24	12
1982-01-20	0	1.4	26	13
1982-01-21	0	2.4	26	15
1982-01-22	0	2.2	26	16
1982-01-23	1.2	1.6	20	16
1982-01-24	0	2.8	29	14
1982-01-25	0	2.6	28	13
1982-01-26	0	3	26	13
1982-01-27	0	2.8	24	10
1982-01-28	0	2.3	24	10.5
1982-01-29	0	3	25	17
1982-01-30	0	3.3	26	17
1982-01-31	0	2.5	28	14
1982-02-01	0	1.4	29	15
1982-02-02	0	1.7	25	9
1982-02-03	3.2	1.5	19	11
1982-02-04	0	1.2	20	12
1982-02-05	0	0.8	21	13
1982-02-06	0	1.2	20	14
1982-02-07	7.2	0.8	17	13
1982-02-08	0	1.4	20	11
1982-02-09	0	1.8	23	13
1982-02-10	0	2.1	19	16
1982-02-11	2.4	1.3	17	11
1982-02-12	0	1.1	20	9
1982-02-13	0	0.7	16	14
1982-02-14	17.8	1.7	14	11
1982-02-15	0	1	19	9
1982-02-16	0	1.1	19	12
1982-02-17	0	1.8	20	14
1982-02-18	0	1.6	21	14
1982-02-19	0	2.5	23	15
1982-02-20	0	2.7	23	17
1982-02-21	0	2.2	24	18
1982-02-22	8	1.9	20.1	18
1982-02-23	0	0.8	19	14
1982-02-24	0	2.9	20	15
1982-02-25	0.5	3.1	23	14
1982-02-26	0	1.5	23	16
1982-02-27	0	2.5	25	17
1982-02-28	0	2	24	18
1982-03-01	0	2.5	24	17
1982-03-02	17	2.5	26	18
1982-03-03	0	2.1	26	16
1982-03-04	0	2.6	25	18
1982-03-05	20.6	1.8	25	19
1982-03-06	0	2.6	25	16
1982-03-07	0	3.4	25	15
1982-03-08	6.1	2.7	18	14
1982-03-09	0	2.2	20	12
1982-03-10	0	2.1	20	13
1982-03-11	0	1.8	22	14
1982-03-12	0	2.6	23	15
1982-03-13	11.3	1.5	20	16
1982-03-14	0	2.5	19	11
1982-03-15	0	2.1	23	14
1982-03-16	0	1.6	23	15
1982-03-17	0	2.2	20	15
1982-03-18	17	0.8	23	14
1982-03-19	0	2.2	25	16
1982-03-20	0	2.7	25	15
1982-03-21	0	3.4	25	18
1982-03-22	0	2.1	26	19
1982-03-23	6.3	2.1	22	15
1982-03-24	0	2.5	20	14
1982-03-25	0	2.2	19	15
1982-03-26	0	1.5	20	14
1982-03-27	0	2.6	25	15
1982-03-28	0	2.2	26	18
1982-03-29	0	1.9	27	19
1982-03-30	0	3.2	29	20
1982-03-31	0	3.8	28	21
1982-04-01	0	1.2	30	20
1982-04-02	0	3.7	28	20
1982-04-03	0	3.1	30	18
1982-04-04	0	2.8	30	19
1982-04-05	0	3.2	28	20
1982-04-06	0	3.2	30	18
1982-04-07	0	2.9	30	20
1982-04-08	0	2.7	29	21
1982-04-09	0	2.1	27	22
1982-04-10	0	3.5	27	18
1982-04-11	9.3	2.8	28	20
1982-04-12	0	2.8	28	18
1982-04-13	3.5	3.4	27	17
1982-04-14	1.3	3.2	26	18
1982-04-15	0	2.5	26	16
1982-04-16	0	2.2	26	19
1982-04-17	0	2.6	28	18
1982-04-18	0	2.9	27	19
1982-04-19	5.7	2.8	28	18
1982-04-20	0	3.6	29	20
1982-04-21	0	3.3	28	19
1982-04-22	0	3	30	20
1982-04-23	0	2.2	29	20
1982-04-24	23.4	1.1	27	20
1982-04-25	0	3.2	23	16
1982-04-26	0	2.2	28	17
1982-04-27	0	2.1	27	19
1982-04-28	13.4	2.1	26	20
1982-04-29	0	7.1	28	17
1982-04-30	0	2.2	28	19
1982-05-01	0	2.9	28	20
1982-05-02	0	2.8	26	20
1982-05-03	0	2.8	27	18
1982-05-04	0	2.4	29	19
1982-05-05	31.4	2.5	26	20
1982-05-06	0.3	2.5	30	19
1982-05-07	0	3	31	20
1982-05-08	0	2.7	31	21
1982-05-09	0	3.9	29	20
1982-05-10	0	3.1	30	20
1982-05-11	20.3	3.1	30	18
1982-05-12	0	3.2	29	20
1982-05-13	0	3.1	30	21
1982-05-14	0	2.9	30	20
1982-05-15	0	3.8	29	21
1982-05-16	6.1	3.5	28	20
1982-05-17	0	2.7	30	20
1982-05-18	0	3.4	31	21
1982-05-19	0	3.4	31	22
1982-05-20	0	3.5	30	22
1982-05-21	0	3.1	29	20
1982-05-22	0	3.5	28	20
1982-05-23	0	2	29	20
1982-05-24	0	3.1	28	20
1982-05-25	0	3.2	30	19
1982-05-26	0	2.8	30	20
1982-05-27	0	3.6	28	20
1982-05-28	0	2.4	29	18
1982-05-29	0	1.6	30	19
1982-05-30	0	5.2	28	20
1982-05-31	0	4	29	19
1982-06-01	0	3.9	30	20
1982-06-02	0	4.4	30	20
1982-06-03	0	4.7	30	18
1982-06-04	0	3.7	29	20
1982-06-05	0	2.9	29	20
1982-06-06	0	4.1	30	20
1982-06-07	0	4.2	29	19
1982-06-08	0	3.9	30	19
1982-06-09	0	3	28	20
1982-06-10	0	4.8	30	18
1982-06-11	0	5.3	29	18
1982-06-12	0	3.8	29	18
1982-06-13	0	4.1	29	20
1982-06-14	0	4.2	30	19
1982-06-15	0	3.8	30	19
1982-06-16	0	3.8	32	20
1982-06-17	0	4.7	32	20
1982-06-18	0	3.4	31	21
1982-06-19	0	6.2	32	21
1982-06-20	0	6	32	20
1982-06-21	0	3.6	32	20
1982-06-22	0	4.7	30	19
1982-06-23	0	4.4	31	19
1982-06-24	0	5.9	33.3	20
1982-06-25	0	5.6	32	22
1982-06-26	0	6.3	32	20
1982-06-27	2.2	5.3	32	21
1982-06-28	0	4.4	32	19
1982-06-29	12.2	3.4	30	19
1982-06-30	2.4	1.8	25	18
1982-07-01	4.5	2.3	29	16
1982-07-02	0	4.1	27	18
1982-07-03	0	3.7	31	16
1982-07-04	0	3.7	30	20
1982-07-05	0	3.7	32	17
1982-07-06	0	4.3	32	19
1982-07-07	0	3.7	32	18
1982-07-08	0	4.1	32	18
1982-07-09	0	4.1	32	17
1982-07-10	0	5.1	32	18
1982-07-11	0	3.8	31	18
1982-07-12	0	4.1	30	17
1982-07-13	0	4	30	16
1982-07-14	0	3.4	30	18
1982-07-15	0	3.4	30	17
1982-07-16	0	4.1	29	17
1982-07-17	0	3.1	30	16
1982-07-18	0	3.9	32	16
1982-07-19	0	4.1	32	18
1982-07-20	0	4.3	32	19
1982-07-21	0	4.8	32	18
1982-07-22	0	4.2	32	18
1982-07-23	0	4.1	32	18
1982-07-24	33.4	4.2	30	20
1982-07-25	0	4.1	32	18
1982-07-26	0	4.9	32	20
1982-07-27	0	3.9	31	19
1982-07-28	0	4.1	32	19
1982-07-29	0	4.1	32	20
1982-07-30	0	3.9	32	19
1982-07-31	0	4.1	30	18
1982-08-01	0	3.5	30	17
1982-08-02	0	3.4	30	16
1982-08-03	0	4	28	16
1982-08-04	0	3.1	32	15
1982-08-05	0	4.8	31	18
1982-08-06	0	4.1	32	17
1982-08-07	0	3.2	30	17
1982-08-08	0	3.7	30	16
1982-08-09	0	3.1	30	15
1982-08-10	0	4.2	33	16
1982-08-11	0	4.7	31	18
1982-08-12	0	3.2	30	16
1982-08-13	0	3.5	29	15
1982-08-14	0	3.2	32	15
1982-08-15	0	3.1	32	16
1982-08-16	0	4.8	30	17
1982-08-17	0	4.8	32	16
1982-08-18	0	4.1	30	17
1982-08-19	9.9	5.2	30	16
1982-08-20	0	3.8	30	16
1982-08-21	41.7	3.8	29	18
1982-08-22	0	3.1	28	16
1982-08-23	0	3.1	27	17
1982-08-24	0	3.6	30	16
1982-08-25	0	4.1	32	17
1982-08-26	0	4.2	30	18
1982-08-27	0	4.1	32	18
1982-08-28	0	4.1	30	18
1982-08-29	0	3.7	30	16
1982-08-30	0	4	32	16
1982-08-31	0	4.2	32	18
1982-09-01	0	3.2	30	20
1982-09-02	0	3.5	32	20
1982-09-03	0	3.1	30	21
1982-09-04	0	3.1	30	20
1982-09-05	0	3.9	28	19
1982-09-06	0	2.1	29	18
1982-09-07	0	3.1	30	17
1982-09-08	0	3.2	28	20
1982-09-09	0	3.5	30	16
1982-09-10	0	4.2	30	19
1982-09-11	0	4	28	20
1982-09-12	0	3.3	28	18
1982-09-13	0	3.2	30	18
1982-09-14	0	3.1	30	20
1982-09-15	0	4.1	30	19
1982-09-16	0	4.2	28	20
1982-09-17	0	3.4	30	17
1982-09-18	0	3.9	30	20
1982-09-19	0	3.1	30	20
1982-09-20	0	3.1	28	20
1982-09-21	178.5	3.6	26	17
1982-09-22	0	2.1	28	16
1982-09-23	0	3	28	18
1982-09-24	0	3.2	28	17
1982-09-25	0	2.8	26	18
1982-09-26	0	3.8	27	15
1982-09-27	0	3.1	28	17
1982-09-28	0	3.8	28	18
1982-09-29	0	3.5	28	17
1982-09-30	0	3.7	26	18
1982-10-01	0	3	28	16
1982-10-02	0	3.1	28	18
1982-10-03	0	3.1	28	18
1982-10-04	12	3.1	28	18
1982-10-05	0	3.5	27	16
1982-10-06	67	3	23	16
1982-10-07	0	2.2	24	13
1982-10-08	0	2.7	25	14
1982-10-09	0	2.3	25	15
1982-10-10	0	2.1	26	15
1982-10-11	0	2.4	26	15
1982-10-12	0	2.2	21	15
1982-10-13	0	2.1	21	13
1982-10-14	0	2.1	22	11
1982-10-15	0	2.1	25	13
1982-10-16	0	2.1	25	15
1982-10-17	0	2.5	27	15
1982-10-18	0	2.1	28	16
1982-10-19	0	2.2	26	16
1982-10-20	0	3.2	24	15
1982-10-21	24.1	2.5	25	13
1982-10-22	0	2.5	27	13
1982-10-23	0	3.1	26	16
1982-10-24	74	2.3	19.1	16
1982-10-25	0	1.7	21	11
1982-10-26	0	2.1	26	13
1982-10-27	0	2.2	26	15
1982-10-28	0	3.6	28	14
1982-10-29	0	3.2	26	17
1982-10-30	0	3.1	29	15
1982-10-31	0	3.1	28	18
1982-11-01	0	3.4	22	17
1982-11-02	0	3.2	22	16
1982-11-03	15.9	3.3	19.1	16
1982-11-04	0	1.7	18	7
1982-11-05	0	1.9	20	11
1982-11-06	0	3	20	14
1982-11-07	0	3.5	22	14
1982-11-08	0	2.3	24	14
1982-11-09	0	3.1	26	15
1982-11-10	0	3.4	26	16
1982-11-11	0	3.3	24	18
1982-11-12	0	2.6	18	15
1982-11-13	0	2.1	17	9
1982-11-14	0	1.2	13.1	11
1982-11-15	0	1.7	15	7
1982-11-16	0	2.4	16	9
1982-11-17	0	1.1	14	11
1982-11-18	0	1.6	15	9
1982-11-19	0	1.2	18	9
1982-11-20	0	2.3	19	12
1982-11-21	0	2.5	23	12
1982-11-22	0	2.5	24	15
1982-11-23	0	2.7	24	18
1982-11-24	23	2.4	21	18
1982-11-25	0	1.7	20	15
1982-11-26	0	3.4	20	14
1982-11-27	0	2.7	22	14
1982-11-28	0	2.2	23	16
1982-11-29	0	2.2	21	17
1982-11-30	0	2.6	23	15
1982-12-01	0	2	21	17
1982-12-02	0	2.1	21	15
1982-12-03	0	2.1	19	15
1982-12-04	0	2.1	19	13
1982-12-05	0	2.3	19	13
1982-12-06	0	1.4	20	12
1982-12-07	0	1.2	20	14
1982-12-08	0	1.1	20	14
1982-12-09	0	1.8	17	13
1982-12-10	0	1.8	19	11
1982-12-11	0	2.3	19	15
1982-12-12	0	2.1	20	13
1982-12-13	0	2.6	22	15
1982-12-14	0	2.1	22	16
1982-12-15	0	2	20	16
1982-12-16	0	2.3	20	14
1982-12-17	0	1.2	20	14
1982-12-18	0	1.6	19	14
1982-12-19	0	1.9	18	13
1982-12-20	0	1.1	18	12
1982-12-21	0	1.1	14	11
1982-12-22	0	1.3	21	9
1982-12-23	0	1.7	21	15
1982-12-24	0	2.1	23	15
1982-12-25	7	2.1	22	17
1982-12-26	55	1.9	18.1	16
1982-12-27	0	1	14	11
1982-12-28	0	1.6	15	9
1982-12-29	0	1.9	16	11
1982-12-30	0	1.2	19	12
1982-12-31	0	2.3	16	13
1983-01-01	0	1.3	16	13
1983-01-02	8.3	1.9	16	11
1983-01-03	3	1.3	16	11
1983-01-04	0	1.1	18	11
1983-01-05	7.5	1.1	19	12
1983-01-06	0	1.5	19	13
1983-01-07	0	1.6	16	13
1983-01-08	0	1.1	18	11
1983-01-09	3	1.4	19	13
1983-01-10	5	1.1	19	13
1983-01-11	0	1.6	19	14
1983-01-12	38.5	1.3	20	13
1983-01-13	0	0.8	19	13
1983-01-14	0	2.5	18	11
1983-01-15	0	2.7	18	13
1983-01-16	9.8	3.1	17	13
1983-01-17	0	1.6	19	9
1983-01-18	3	1.3	17	13
1983-01-19	0	2.6	15	11
1983-01-20	13.3	2.1	19	11
1983-01-21	0	2.4	19	13
1983-01-22	0	1.1	15.1	13
1983-01-23	5.3	1.3	15	11
1983-01-24	0	2.2	20	10
1983-01-25	0	2.5	15.1	13
1983-01-26	4	1.8	15	10
1983-01-27	0	2.3	18	9
1983-01-28	0	2.1	19	11
1983-01-29	0	2.1	18	12
1983-01-30	0	3.1	19	11
1983-01-31	0	3.4	20	11
1983-06-01	0	2.3	28	22
1983-06-02	0	3.4	30.5	22
1983-06-03	0	2.9	31	24
1983-06-04	0	3.8	32	22.5
1983-06-05	0	3.4	33	23.5
1983-06-06	20.8	5.5	35	24
1983-06-07	11.3	0.8	24.5	20.5
1983-06-08	0	1.6	28	20
1983-06-09	0	4.3	32	20.5
1983-06-10	0	6.3	33	21
1983-06-11	0	4.3	32	20
1983-06-12	0	4.5	31	20
1983-06-13	0	4.5	33	21.5
1983-06-14	0	4	34	24
1983-06-15	0	4.2	33.5	22
1983-06-16	0	4.2	33	20
1983-06-17	1.5	5.1	33.5	22
1983-06-18	0	4.1	35	22
1983-06-19	0	4	32	20
1983-06-20	0	2.1	33	21.5
1983-06-21	0	5	34	22
1983-06-22	0	4.2	35	23
1983-06-23	0	3.4	34	23.5
1983-06-24	0	5.6	33	22
1983-06-25	0	4.3	32	21
1983-06-26	0	5.1	36	21
1983-06-27	0	5.5	36.5	22
1983-06-28	0	5.3	35	23
1983-06-29	0	3.4	34	22
1983-06-30	0	3	34	23
1983-07-01	7.6	4	33	21
1983-07-02	3.5	4.3	32	23
1983-07-03	2.3	4.3	34	22
1983-07-04	38.6	3	31	23
1983-07-05	17.5	0.9	24	19.5
1983-07-06	29	3	27.5	19
1983-07-07	0	4.3	30	18.5
1983-07-08	5.1	5	31.5	18
1983-07-09	4.3	4.6	28.5	19
1983-07-10	1.5	1.2	30	19
1983-07-11	1.5	1.5	30	18
1983-07-12	1.7	4.2	28	18
1983-07-13	12.8	3.5	27.5	19
1983-07-14	3.1	2.6	30	20
1983-07-15	0	4.6	32	21.5
1983-07-16	123.5	1	29.5	22
1983-07-17	15	3.3	29	22
1983-07-18	53.6	1.3	26.5	23
1983-07-19	28.6	2.6	27	22
1983-07-20	5.6	1.9	27	21
1983-07-21	30	2.8	28	20.5
1983-07-22	20.6	3.1	27	21
1983-07-23	9.2	2.8	28.5	21
1983-07-24	12.1	4.5	30	20
1983-07-25	0	3.6	29	20.5
1983-07-26	10	3.2	30	21
1983-07-27	16	3.7	29	20
1983-07-28	0.7	2.2	31	21
1983-07-29	4.2	4.7	31	21
1983-07-30	0	5	30.5	21
1983-07-31	0	5.7	31.5	20.5
1987-06-01	0	3.9	30	20
1987-06-02	0	4.4	30	20
1987-06-03	0	4.7	30	18
1987-06-04	0	3.7	29	20
1987-06-05	0	2.9	29	20
1987-06-06	0	4.1	30	20
1987-06-07	0	4.2	29	19
1987-06-08	0	3.9	30	19
1987-06-09	0	3	28	20
1987-06-10	0	4.8	30	18
1987-06-11	0	5.3	29	18
1987-06-12	0	3.8	29	18
1987-06-13	0	4.1	29	20
1987-06-14	0	4.2	30	19
1987-06-15	0	3.8	30	19
1987-06-16	0	3.8	32	20
1987-06-17	0	4.6	32	20
1987-06-18	0	3.4	32	21
1987-06-19	0	6.2	32	21
1987-06-20	10	6	32	20
1987-06-21	0	3.6	32	20
1987-06-22	0	4.6	30	19
1987-06-23	0	4.4	31	19
1987-06-24	0	5.9	33	20
1987-06-25	10.3	5.6	32	22
1987-06-26	26	6.3	32	20
1987-06-27	0	5.1	32	21
1987-06-28	0	4.4	32	19
1987-06-29	2.2	3.2	30	19
1987-06-30	2.4	1.4	25	18
1987-07-01	0	4.7	29	16
1987-07-02	0	4.6	27	18
1987-07-03	0	4.1	31	16
1987-07-04	0	4.2	30	20
1987-07-05	0	4.1	32	17
1987-07-06	0	4.6	32	19
1987-07-07	15.5	3.8	32	18
1987-07-08	0	4.3	32	18
1987-07-09	0	4.8	32	17
1987-07-10	0	4.4	32	18
1987-07-11	0	4.2	31	18
1987-07-12	0	4.5	30	17
1987-07-13	0	4.8	30	16
1987-07-14	0	4.1	30	18
1987-07-15	0	4	30	17
1987-07-16	33.4	3.9	29	17
1987-07-17	0	4.1	30	16
1987-07-18	0	4.9	32	16
1987-07-19	0	3.9	32	18
1987-07-20	0	4.1	32	19
1987-07-21	0	4.1	32	19
1987-07-22	0	3.9	32	18
1987-07-23	0	4.1	32	18
1987-07-24	0	3.5	30	20
1987-07-25	0	3.4	32	18
1987-07-26	0	4	32	20
1987-07-27	0	3.1	31	19
1987-07-28	0	4.8	32	19
1987-07-29	0	4.1	32	20
1987-07-30	0	3.2	32	19
1987-07-31	0	3.7	30	18
1987-08-01	26.3	3.7	30	17
1987-08-02	0	3.5	30	16
1987-08-03	0	3.4	28	16
1987-08-04	0	4	32	15
1987-08-05	0	3.1	31	18
1987-08-06	0	4.8	32	17
1987-08-07	0	4.1	30	17
1987-08-08	0	3.2	30	16
1987-08-09	0	3.7	30	15
1987-08-10	0	3.4	33	16
1987-08-11	0	4.2	31	18
1987-08-12	0	4.7	30	16
1987-08-13	0	3.2	29	15
1987-08-14	0	3.5	32	15
1987-08-15	0	3.2	32	16
1987-08-16	0	3.1	30	17
1987-08-17	0	4.8	32	16
1987-08-18	0	4.8	30	17
1987-08-19	0	4	30	16
1987-08-20	0	4.3	30	16
1987-08-21	0	3.7	29	18
1987-08-22	41.7	3.2	28	16
1987-08-23	0	3.1	27	17
1987-08-24	0	3.1	30	16
1987-08-25	0	3.6	32	17
1987-08-26	0	4.1	30	18
1987-08-27	0	4.1	32	18
1987-08-28	0	4.1	30	18
1987-08-29	0	4.1	30	16
1987-08-30	0	3.7	32	16
1987-08-31	0	4	32	18
1987-09-01	0	4.2	30	20
1987-09-02	0	3.2	32	20
1987-09-03	0	3.5	30	21
1987-09-04	0	3.1	30	20
1987-09-05	0	3.1	28	19
1987-09-06	0	3.9	29	18
1987-09-07	0	2.1	30	17
1987-09-08	0	3.1	28	20
1987-09-09	0	3.1	30	16
1987-09-10	0	3.5	30	19
1987-09-11	0	4.2	28	20
1987-09-12	0	3	28	18
1987-09-13	65	3.3	30	18
1987-09-14	0	3.2	30	20
1987-09-15	0	3.1	30	19
1987-09-16	0	4.1	28	20
1987-09-17	0	4.2	30	17
1987-09-18	0	3.4	30	20
1987-09-19	0	3.9	30	20
1987-09-20	0	3.1	28	20
1987-09-21	0	3.1	26	17
1987-09-22	31.6	3.2	28	16
1987-09-23	0	2.1	28	18
1987-09-24	0	3	28	17
1987-09-25	0	3.2	26	18
1987-09-26	0	2.8	27	15
1987-09-27	0	3.8	28	17
1987-09-28	0	3.1	28	18
1987-09-29	0	3.8	27	17
1987-09-30	0	3.5	26	18
1987-10-01	0	NULO	29	18
1987-10-02	0	NULO	28	20
1987-10-03	0	NULO	27	18
1987-10-04	0	NULO	27	20
1987-10-05	0	NULO	25	20
1987-10-06	0	NULO	25	17
1987-10-07	0	NULO	26	16
1987-10-08	0	NULO	26	18
1987-10-09	0	NULO	25	17
1987-10-10	7.5	NULO	26	18
1987-10-11	9.5	NULO	22	18
1987-10-12	0	NULO	27	17
1987-10-13	0	NULO	27	19
1987-10-14	0	NULO	28	20
1987-10-15	0	NULO	29	20
1987-10-16	0	NULO	28	21
1987-10-17	0	NULO	28	20
1987-10-18	0	NULO	27	20
1987-10-19	0	NULO	30	20
1987-10-20	0	NULO	23	20
1987-10-21	19.5	NULO	30	17
1987-10-22	0	NULO	25	19
1987-10-23	0	NULO	28	19
1987-10-24	0	NULO	28	20
1987-10-25	0	NULO	31	20
1987-10-26	0	NULO	30	21
1987-10-27	37.8	NULO	25	20
1987-10-28	0	NULO	28	18
1987-10-29	0	NULO	30	18
1987-10-30	0	NULO	28	19
1987-10-31	0	NULO	27	19
1988-02-01	0	NULO	27	11
1988-02-02	0	NULO	29	16
1988-02-03	0	NULO	30	18
1988-02-04	16.2	NULO	19	9
1988-02-05	5.1	NULO	15	10
1988-02-06	2.2	NULO	16	3
1988-02-07	1.3	NULO	23	5
1988-02-08	0	NULO	23	8
1988-02-09	5.1	NULO	24	12
1988-02-10	0	NULO	19	12
1988-02-11	17.5	NULO	24	13
1988-02-12	0	NULO	27	6
1988-02-13	0	NULO	29	8
1988-02-14	0	NULO	29	11
1988-02-15	3.2	NULO	23	7
1988-02-16	0	NULO	29	9
1988-02-17	0	NULO	31	15
1988-02-18	1.5	NULO	18	16
1988-02-19	5.2	NULO	16	14
1988-02-20	0	NULO	19	9
1988-02-21	0	NULO	24	8
1988-02-22	0	NULO	19	8
1988-02-23	0	NULO	23	9
1988-02-24	5	NULO	21	12
1988-02-25	5.5	NULO	22	14
1988-02-26	0.9	NULO	24	15
1988-02-27	0	NULO	25	16
1988-02-28	0	NULO	20	15
1988-02-29	0	NULO	20	16
1988-03-01	0	NULO	19	15
1988-03-02	0	NULO	22	16
1988-03-03	1.3	NULO	31	18
1988-03-04	8.6	NULO	19	13
1988-03-05	0	NULO	20	11
1988-03-06	0.9	NULO	20	12
1988-03-07	0	NULO	25	16
1988-03-08	0	NULO	29	16
1988-03-09	0	NULO	27	16
1988-03-10	0	NULO	24	6
1988-03-11	0	NULO	28	10
1988-03-12	0	NULO	32	16
1988-03-13	4.4	NULO	22	16
1988-03-14	10.2	NULO	17	14
1988-03-15	0.01	NULO	17	9
1988-03-16	0	NULO	24	13
1988-03-17	2.2	NULO	28	14
1988-03-18	0	NULO	20	11
1988-03-19	0	NULO	20	11
1988-03-20	0	NULO	27	7
1988-03-21	0	NULO	26	13
1988-03-22	0	NULO	19	9
1988-03-23	0	NULO	25	16
1988-03-24	0	NULO	28	15
1988-03-25	0	NULO	28	16
1988-03-26	2.3	NULO	28	14
1988-03-27	0	NULO	29	13
1988-03-28	0	NULO	30	16
1988-03-29	5.4	NULO	32	16
1988-03-30	7.3	NULO	28	15
1988-03-31	0	NULO	32	16
1988-04-01	0	NULO	36	17
1988-04-02	0	NULO	30	20
1988-04-03	0	NULO	30	17
1988-04-04	0	NULO	32	15
1988-04-05	0	NULO	28	18
1988-04-06	51.4	NULO	27	15
1988-04-07	1.6	NULO	32	15
1988-04-08	6.6	NULO	27	15
1988-04-09	0	NULO	21	17
1988-04-10	67.8	NULO	30	17
1988-04-11	0.6	NULO	18	7
1988-04-12	0	NULO	24	8
1988-04-13	0	NULO	31	14
1988-04-14	0	NULO	30	14
1988-04-15	0.01	NULO	30	17
1988-04-16	0	NULO	32	18
1988-04-17	0	NULO	34	19
1988-04-18	0	NULO	38	18
1988-04-19	0	NULO	35	18
1988-04-20	0	NULO	32	16
1988-04-21	0	NULO	34	19
1988-04-22	0	NULO	37	20
1988-04-23	0	NULO	38	20
1988-04-24	0	NULO	40	19
1988-04-25	0	NULO	26	20
1988-04-26	0	NULO	31	18
1988-04-27	0	NULO	25	19
1988-04-28	0	NULO	31	21
1988-04-29	0	NULO	34	20
1988-04-30	0	NULO	27	22
1988-05-01	0.01	NULO	31	21
1988-05-02	0	NULO	34	20
1988-05-03	0	NULO	33	22
1988-05-04	0	NULO	32	19
1988-05-05	1.4	NULO	28	20
1988-05-06	0	NULO	29	19
1988-05-07	0	NULO	34	20
1988-05-08	0.01	NULO	31	19
1988-05-09	0	NULO	34	21
1988-05-10	0	NULO	32	20
1988-05-11	21.4	NULO	30	21
1988-05-12	0	NULO	30	17
1988-05-13	0	NULO	30	19
1988-05-14	0	NULO	31	20
1988-05-15	0.01	NULO	34	19
1988-05-16	0	NULO	30	19
1988-05-17	0.01	NULO	34	19
1988-05-18	0	NULO	27	20
1988-05-19	0	NULO	34	21
1988-05-20	0	NULO	33	21
1988-05-21	0	NULO	30	21
1988-05-22	0	NULO	32	19
1988-05-23	0	NULO	34	20
1988-05-24	0	NULO	34	22
1988-05-25	11.2	NULO	27	23
1988-05-26	13.5	NULO	34	19
1988-05-27	0	NULO	30	19
1988-05-28	0	NULO	27	19
1988-05-29	0	NULO	34	19
1988-05-30	0	NULO	36	20
1988-05-31	0	NULO	36	24
1988-06-01	0.01	NULO	36	23
1988-06-02	0	NULO	36	23
1988-06-03	0	NULO	35	23
1988-06-04	0.7	NULO	36	22
1988-06-05	0	NULO	35	20
1988-06-06	0	NULO	34	20
1988-06-07	0	NULO	35	22
1988-06-08	0	NULO	37	22
1988-06-09	0	NULO	38	23
1988-06-10	0	NULO	37	22
1988-06-11	0	NULO	35	23
1988-06-12	0.01	NULO	36	20
1988-06-13	3.8	NULO	32	20
1988-06-14	40.2	NULO	33	20
1988-06-15	16.7	NULO	29	21
1988-06-16	19.1	NULO	28	21
1988-06-17	21.6	NULO	29	21
1988-06-18	6.5	NULO	31	20
1988-06-19	33.2	NULO	33	19
1988-06-20	57.9	NULO	31	20
1988-06-21	16.1	NULO	28	21
1988-06-22	0	NULO	34	21
1988-06-23	0	NULO	34	21
1988-06-24	0.3	NULO	33	21
1988-06-25	4.5	NULO	33	22
1988-06-26	0	NULO	35	22
1988-06-27	0	NULO	33	21
1988-06-28	0	NULO	35	21
1988-06-29	0	NULO	34	21
1988-06-30	0	NULO	35	21
1988-07-01	0	NULO	36	22
1988-07-02	14.5	NULO	36	22
1988-07-03	12.6	NULO	32	21
1988-07-04	6.6	NULO	34	21
1988-07-05	34.3	NULO	29	21
1988-07-06	1.9	NULO	33	20
1988-07-07	0	NULO	34	21
1988-07-08	0	NULO	34	22
1988-07-09	0	NULO	34	22
1988-07-10	0	NULO	35	23
1988-07-11	0	NULO	35	23
1988-07-12	0	NULO	35	23
1988-07-13	0	NULO	34	22
1988-07-14	0	NULO	35	22
1988-07-15	6.9	NULO	31	22
1988-07-16	18.6	NULO	33	22
1988-07-17	18.1	NULO	34	20
1988-07-18	0	NULO	34	20
1988-07-19	11.3	NULO	32	20
1988-07-20	29.5	NULO	32	20
1988-07-21	1.9	NULO	29	19
1988-07-22	0.5	NULO	32	20
1988-07-23	0	NULO	34	19
1988-07-24	33.2	NULO	33	21
1988-07-25	0	NULO	33	21
1988-07-26	0	NULO	33	21
1988-07-27	2.8	NULO	33	21
1988-07-28	3.4	NULO	29	21
1988-07-29	8	NULO	32	20
1988-07-30	4.2	NULO	32	22
1988-07-31	0	NULO	33	20
1988-08-01	0	NULO	33	19
1988-08-02	0	NULO	35	20
1988-08-03	0	NULO	35	21
1988-08-04	0	NULO	34	21
1988-08-05	7.5	NULO	35	10
1988-08-06	0	NULO	35	19
1988-08-07	0	NULO	33	20
1988-08-08	0	NULO	35	20
1988-08-09	0	NULO	34	22
1988-08-10	0	NULO	35	21
1988-08-11	0	NULO	36	20
1988-08-12	41	NULO	32	22
1988-08-13	0	NULO	31	20
1988-08-14	0	NULO	34	20
1988-08-15	8	NULO	29	22
1988-08-16	19.5	NULO	32	21
1988-08-17	3.4	NULO	29	21
1988-08-18	3.3	NULO	29	22
1988-08-19	0	NULO	34	22
1988-08-20	6.3	NULO	31	22
1988-08-21	0	NULO	33	22
1988-08-22	11.3	NULO	31	22
1988-08-23	6.6	NULO	32	21
1988-08-24	0	NULO	34	21
1988-08-25	0	NULO	35	21
1988-08-26	0	NULO	35	20
1988-08-27	0	NULO	36	21
1988-08-28	0	NULO	37	22
1988-08-29	0	NULO	33	20
1988-08-30	0	NULO	32	20
1988-08-31	4	NULO	34	20
1988-09-01	77.5	NULO	32	22
1988-09-02	171.8	NULO	23	21
1988-09-03	31	NULO	30	21
1988-09-04	40	NULO	30	21
1988-09-05	6.3	NULO	25	18
1988-09-06	0	NULO	32	19
1988-09-07	0	NULO	33	24
1988-09-08	0	NULO	35	23
1988-09-09	0	NULO	33	22
1988-09-10	0	NULO	33	16
1988-09-11	0	NULO	34	23
1988-09-12	0	NULO	33	21
1988-09-13	0	NULO	34	20
1988-09-14	31	NULO	34	20
1988-09-15	1	NULO	33	20
1988-09-16	1	NULO	31	22
1988-09-17	0	NULO	35	23
1988-09-18	0	NULO	35	23
1988-09-19	0	NULO	35	22
1988-09-20	0	NULO	34	21
1988-09-21	0	NULO	33	19
1988-09-22	0	NULO	34	21
1988-09-23	0	NULO	33	21
1988-09-24	0	NULO	33	22
1988-09-25	0	NULO	34	20
1988-09-26	0	NULO	34	19
1988-09-27	0	NULO	34	20
1988-09-28	0	NULO	34	21
1988-09-29	0	NULO	35	21
1988-09-30	0	NULO	34	21
1988-10-01	0	4.4	33	20
1988-10-02	41	4.3	33	21
1988-10-03	0	4	29	18
1988-10-04	0	3.8	29	16
1988-10-05	0	2.3	20	17
1988-10-06	0	2.5	27	17
1988-10-07	0	5.1	29	17
1988-10-08	0	5.2	25	21
1988-10-09	0	3.4	27	21
1988-10-10	0	5	31	19
1988-10-11	0	4.4	31	15
1988-10-12	8.3	3.9	31	18
1988-10-13	0	5	29	19
1988-10-14	0	4.3	31	15
1988-10-15	0	5	30	17
1988-10-16	0	4.8	31	18
1988-10-17	0	7.2	30	15
1988-10-18	0	5.8	34	13
1988-10-19	0	4.4	31	17
1988-10-20	0	5.3	30	20
1988-10-21	0	15.1	33	20
1988-10-22	0	5.4	32	20
1988-10-23	0	13.1	33	16
1988-10-24	0	4.3	31	21
1988-10-25	0	4.3	34	19
1988-10-26	0	15.5	33	21
1988-10-27	0	9.2	32	19
1988-10-28	0	8.2	33	18
1988-10-29	5	3.3	30	19
1988-10-30	1	2.2	30	20
1988-10-31	13.1	3.1	31	18
1988-11-01	0	4.3	27	17
1988-11-02	0	10.1	29	12
1988-11-03	0	4.8	32	11
1988-11-04	0	14.2	37	14
1988-11-05	0	4.2	38	17
1988-11-06	0	2.6	37	20
1988-11-07	0	2.5	32	18
1988-11-08	0	2.5	31	15
1988-11-09	0	15.5	33	16
1988-11-10	0	4.7	31	17
1988-11-11	0	3.4	22	19
1988-11-12	0	13.2	32	17
1988-11-13	0	3.3	32	17
1988-11-14	0	3.5	32	17
1988-11-15	0	8.2	32	20
1988-11-16	7.5	11.5	22	10
1988-11-17	0	2	24	13
1988-11-18	0	2.9	29	14
1988-11-19	0	5	33	13
1988-11-20	0	13.9	25	17
1988-11-21	0	3.8	24	9
1988-11-22	0	4	25	7
1988-11-23	0	3	22	15
1988-11-24	0	13.8	30	16
1988-11-25	0	2.6	32	17
1988-11-26	0	17.6	30	18
1988-11-27	0	7.9	38	21
1988-11-28	0	2.7	24	14
1988-11-29	0	13.5	27	12
1988-11-30	0	1.8	17	14
1988-12-01	14.1	2.7	15	13
1988-12-02	5.3	2.5	16	12
1988-12-03	0	6.2	23	12
1988-12-04	13	5.2	23	15
1988-12-05	0	4.4	19	14
1988-12-06	0	3.2	26	13
1988-12-07	0	1.9	26	14
1988-12-08	0	1.4	23	14
1988-12-09	2.5	4.2	14	12
1988-12-10	0	5.4	22	9
1988-12-11	0	1.2	16	12
1988-12-12	0	1.2	17	12
1988-12-13	0	1.2	17	11
1988-12-14	0	1.7	22	11
1988-12-15	0	1.5	21	13
1988-12-16	2.3	2.2	16	14
1988-12-17	1.1	2.3	13	10
1988-12-18	0	1.9	16	10
1988-12-19	0	1.2	16	10
1988-12-20	0	3.2	25	11
1988-12-21	0	2	24	14
1988-12-22	0	3.7	26	16
1988-12-23	0	3.7	27	15
1988-12-24	0	1.6	25	15
1988-12-25	0	2.3	26	12
1988-12-26	0	2.3	25	15
1988-12-27	0	2.7	27	15
1988-12-28	0	4.4	16	14
1988-12-29	0	2.5	22	11
1988-12-30	0	3.6	26	11
1988-12-31	0	7.5	20	13
